12498
37116
67123
38369
4131
38224
69955
8473
65283
24870
3391
38415
19948
49806
89924
35703
86465
82453
81606
19569
65313
3683
64339
49096
18916
41288
66113
44425
47816
63398
99917
29557
1916
37619
53546
20808
52352
18766
84079
56531
91318
37223
56767
98055
91071
51848
86346
87856
66096
87774
6042
38106
91653
52294
87412
23498
32278
96381
39949
91958
96716
3887
11310
67458
91644
70156
95853
79174
99979
79307
17413
79744
49682
48391
33779
57277
1702
58003
48310
68549
9711
82194
93521
90191
86044
22193
17852
80891
76988
58078
91857
30107
48161
50238
19146
98548
22761
48824
59430
65973
6328
44873
38656
35899
62788
37218
75026
21486
64857
15095
46412
69174
53047
97092
28829
60402
76696
83082
99070
37726
50267
23384
29407
2865
73836
28405
39319
20238
70140
12402
135
71258
13579
5608
98656
38138
17661
34074
57458
41783
44649
80314
8719
7585
89882
44175
76374
66474
76509
37732
54732
59693
81715
36205
2893
53320
7882
54500
66017
51836
38667
48502
95661
19598
68089
37964
44463
4438
53056
42171
7788
43765
5855
73243
76136
65346
12280
89580
83132
34968
11606
23620
44471
73396
12561
11360
39696
15799
92752
94349
16892
54466
8890
27709
1807
67153
9793
92925
22593
50551
11299
55770
33817
45177
6142
58060
98895
68761
39579
60540
54887
78700
52400
78545
69843
18939
8788
47622
32068
75273
92488
26305
16309
22452
90139
75252
16814
93706
41078
82119
9830
2308
34612
72152
69903
59846
33877
91914
56632
755
22848
56545
39157
4976
11467
80059
13225
1851
59281
21
2330
46654
57487
32909
33686
71774
41952
28407
51255
65185
86120
86514
1015
97426
16738
18589
2603
50287
2625
62329
25335
20821
12141
70859
83915
57734
12322
66374
47911
41639
59007
55068
88158
17108
99789
36063
66428
17322
28757
80656
76347
17830
4840
88756
2774
1501
69148
73373
31364
67702
39122
83892
63157
17352
79298
45726
67703
64711
1155
5996
22671
87583
25445
89084
78809
42246
28004
26300
79489
16897
79733
80054
75704
75787
83205
59842
8013
28617
9168
6248
23447
28919
11030
58972
16467
3859
81661
46105
9666
21802
5507
38700
35106
79587
71727
98235
22600
93563
16163
95923
23305
54962
32151
58821
13813
67753
39831
89555
10036
28255
80569
46931
60156
78314
92901
55470
79805
65385
52280
64555
59612
14574
7839
38004
28090
33998
37414
17983
2809
41967
81123
48844
20667
6180
5879
74813
69502
16657
45466
92345
185
20271
48361
93518
30933
88255
60965
91064
19284
59760
84481
2488
78917
25020
84796
70650
40562
55554
32907
15487
92509
35758
75002
20338
68520
69067
73674
76500
64722
12137
40834
69630
43322
48547
49695
58374
15288
40082
52814
55570
61675
13992
36677
50682
24504
36101
40040
32892
2077
59264
76848
57999
41748
92469
67196
55458
28141
11892
97307
47032
58982
77377
91495
44411
32351
72391
70917
90288
89347
97506
74355
41017
49838
38479
23898
93937
52039
65698
79255
72984
97491
53045
46194
86607
97909
73876
4549
18408
39591
80608
79384
17863
65468
63833
17508
96056
50333
75312
56329
40591
53820
93636
