66881
67355
47208
92192
65283
38415
85646
15572
81606
17131
49096
62790
24983
99917
21622
20808
39400
91318
11929
61362
87856
132
31486
67745
32278
91958
6095
91644
79174
48258
49682
69423
39999
3615
82194
43018
16281
8396
60684
93886
19146
77235
63309
6022
54392
14342
54618
10914
75812
97092
76696
79523
23384
66625
50591
70140
71258
26983
89767
51805
97336
56994
89882
66474
54732
13126
56076
54500
38667
61855
37964
53056
43765
92917
12280
56587
82616
73396
39696
94349
8890
81161
66006
28683
44068
50094
58060
51650
54887
3837
18939
32068
66215
32079
65163
69838
82119
34612
59846
56632
56545
14895
15660
1550
95690
57487
71774
8640
86120
84726
84701
50287
63334
12141
57734
55519
70342
32407
99789
17322
76347
45040
1501
97360
51485
63157
50380
8456
61279
87583
44886
28004
16897
9055
83205
28617
23447
58972
81661
21802
54180
15030
64945
72475
79637
32151
67753
10036
46931
90525
79805
63623
75688
60337
11026
39526
41967
26375
5879
16657
59933
66140
48729
60965
59760
78917
23904
55554
92509
20338
99183
64722
69630
34470
68176
52814
13992
24504
21003
90866
57999
70929
28141
47032
91495
33562
90288
66665
51197
23898
15871
89644
53045
97909
56574
11834
25218
63833
50333
40591
